# Number of obs 
 38 
# section 1 length 
 24 
# section 2 length 
 14 
# cutoff 
 1992 
# years 
 1969 1970 1971 1972 1973 1974 1975 1976 1977 1978 1979 1980 1981 1982 1983 1984 1985 1986 1987 1988 1989 1990 1991 1992 1993 1994 1995 1996 1997 1998 1999 2000 2001 2002 2003 2004 2005 2006 
# Observations 
 7.93523 8.029107 7.942362 7.933797 8.12947 8.095599 8.34688 8.381832 8.392763 8.51499 8.598036 8.566935 8.48797 8.478244 8.476371 8.450412 8.308692 8.275631 8.291045 8.26565 8.137688 8.094684 8.013012 7.953318 7.960324 8.075894 8.10198 8.03301 7.976252 7.996317 7.997663 7.984122 7.966933 8.019284 8.000685 7.901007 7.92371 7.744137 
