1960      .           .              3577        .
1961      .           .              3254        .
1962      .           .              3072        .
1963    17.60       0.09             2731        . 
1964    21.93       0.85             3251        .
1965    11.23       0.20             3928        .
1966    12.18       0.13             4392        .
1967     9.20       0.04             5973        .
1968    19.19       0.06             6421        .
1969    15.32       0.94             8484        .
1970    15.72       0.18             8261        .
1971    16.19       5.58             7662        .       
1972    12.13       0.33             6917        .
1973     8.42       1.12             6146        .
1974     8.84       0.15             7764        .
1975     8.19       0.24             9015        .
1976     6.46       0.02            10188        .
1977     9.73       1.37            12426        .
1978    12.19       0.37            12426        .
1979    15.23       1.26            11680        .
1980    12.96       0.62            13528        .
1981     7.88       0.70            12534        .
1982    13.30       1.66            13582       0.64
1983     7.61       0.38            13981       1.06
1984     8.15       0.38            10806       0.96
1985     7.26       0.30            10693       1.07
1986     4.35       0.60             9664       1.12
1987     3.12       1.95             7527       1.15
1988     5.31       0.42             7958       1.10
1989     4.04       0.03            10397       0.90
1990     4.90       0.14            15145       1.02
1991     2.71       0.29              .         .
1992     2.22       0.20              .         .
1993     0.87       0.21              .         .
1994     2.35       0.07              .         .
1995     3.44       0.12              .         .
1996     2.20       0.30              .         .


















