# Number of obs 
 39 
# section 1 length 
 26 
# section 2 length 
 13 
# cutoff 
 1992 
# years 
 1967 1968 1969 1970 1971 1972 1973 1974 1975 1976 1977 1978 1979 1980 1981 1982 1983 1984 1985 1986 1987 1988 1989 1990 1991 1992 1993 1994 1995 1996 1997 1998 1999 2000 2001 2002 2003 2004 2005 
# Observations 
 10.25479 10.22237 10.19028 10.16129 10.15104 10.15577 10.15666 10.16454 10.18257 10.19978 10.18047 10.14949 10.05626 9.93707 9.823868 9.717433 9.644738 9.631876 9.710587 9.815428 9.879753 9.927865 9.843533 9.816532 9.815921 9.800179 9.740275 9.70116 9.691565 9.650926 9.675087 9.678366 9.751132 9.799684 9.827617 9.83895 9.703647 9.763969 9.736005 
